X,Y,Tangent X,Tangent Y,Fixed Theta,Name
0.0,0.0,0.0,0.0,true,
3.52,-2.4,0.0,0.0,true,
5.69,-0.7,0.0,0.0,true,
9.15,-0.7,0.0,0.0,true,
6.18,-2.47,0.38268343236508984,-0.9238795325112867,true,
5.98,-2.55,0.38268343236508984,-0.9238795325112867,true,
5.79,-2.63,0.383,-0.924,true,
5.35,-3.87,-0.9238795325112867,-0.3826834323650899,true,
5.51,-4.26,-0.9238795325112867,-0.3826834323650899,true,
5.59,-4.45,-0.9238795325112867,-0.3826834323650899,true,
5.67,-4.65,-0.9238795325112867,-0.3826834323650899,true,
3.52,-3.93,-0.8949328801076457,0.44620078451548484,true,
5.89,-7.51,0.0,0.0,true,
3.52,-7.51,0.0,0.0,true,
0.0,-8.21,0.0,0.0,true,
